1.5e-05	0.85
1.8495e-05	0.85
2.199e-05	0.85
2.5485e-05	0.85
2.89799e-05	0.85
3.24749e-05	0.85
3.59699e-05	0.85
3.94649e-05	0.85
4.29599e-05	0.85
4.64548e-05	0.85
4.99498e-05	0.9
5.34448e-05	0.9
5.69398e-05	0.9
6.04348e-05	0.9
6.39298e-05	0.9
6.74247e-05	0.9
7.09197e-05	0.9
7.44147e-05	0.9
7.79097e-05	0.9
8.14047e-05	0.9
8.48997e-05	0.9
8.83946e-05	0.9
9.18896e-05	0.9
9.53846e-05	0.9
9.88796e-05	0.9
0.000102375	0.9
0.00010587	0.9
0.000109365	0.9
0.00011286	0.9
0.000116355	0.9
0.00011985	0.9
0.000123344	0.9
0.000126839	0.9
0.000130334	0.9
0.000133829	0.9
0.000137324	0.9
0.000140819	0.9
0.000144314	0.95
0.000147809	0.95
0.000151304	0.95
0.000154799	0.95
0.000158294	0.95
0.000161789	0.95
0.000165284	0.95
0.000168779	0.95
0.000172274	1
0.000175769	1
0.000179264	1
0.000182759	1
0.000186254	1
0.000189749	1
0.000193244	1.05
0.000196739	1.05
0.000200234	1.05
0.000203729	1.1
0.000207224	1.1
0.000210719	1.1
0.000214214	1.1
0.000217709	1.15
0.000221204	1.15
0.000224699	1.15
0.000228194	1.15
0.000231689	1.2
0.000235184	1.2
0.000238679	1.2
0.000242174	1.25
0.000245669	1.25
0.000249164	1.25
0.000252659	1.3
0.000256154	1.3
0.000259649	1.35
0.000263144	1.35
0.000266639	1.4
0.000270134	1.45
0.000273629	1.5
0.000277124	1.5
0.000280619	1.5
0.000284114	1.55
0.000287609	1.55
0.000291104	1.6
0.000294599	1.6
0.000298094	1.6
0.000301589	1.65
0.000305084	1.65
0.000308579	1.7
0.000312074	1.7
0.000315569	1.7
0.000319064	1.75
0.000322559	1.75
0.000326054	1.8
0.000329548	1.8
0.000333043	1.85
0.000336538	1.9
0.000340033	1.95
0.000343528	1.95
0.000347023	300
0.000350518	300
0.000354013	300
0.000357508	291.6
0.000361003	282.1
0.000364498	3.6
0.000367993	256.95
0.000371488	56.1
0.000374983	58.95
0.000378478	62.05
0.000381973	65.35
0.000385468	68.6
0.000388963	71.85
0.000392458	77.8
0.000395953	77.9
0.000399448	74.5
0.000402943	68.65
0.000406438	65.25
0.000409933	59.9
0.000413428	56.1
0.000416923	257.05
0.000420418	269.4
0.000423913	281.7
0.000427408	46.25
0.000430903	43.25
0.000434398	18.8
0.000437893	18.55
0.000441388	15.9
0.000444883	16
0.000448378	17.95
0.000451873	19.25
0.000455368	17.55
0.000458863	48.45
0.000462358	2.5
0.000465853	226.9
0.000469348	195.15
0.000472843	80.5
0.000476338	86.8
0.000479833	87.95
0.000483328	150.7
0.000486823	150.25
0.000490318	89.7
0.000493813	90.05
0.000497308	90.25
0.000500803	89.9
0.000504298	89.5
0.000507793	88.9
0.000511288	88.15
0.000514783	87.75
0.000518278	87.4
0.000521773	87.1
0.000525268	86.75
0.000528763	86.4
0.000532258	85.8
0.000535753	85
0.000539247	84.6
0.000542742	84.3
0.000546237	84.05
0.000549732	83.75
0.000553227	83.45
0.000556722	83
0.000560217	82
0.000563712	81.55
0.000567207	81.3
0.000570702	81
0.000574197	80.7
0.000577692	80.35
0.000581187	79.9
0.000584682	78.85
0.000588177	78.4
0.000591672	78.1
0.000595167	77.8
0.000598662	77.5
0.000602157	77.15
0.000605652	76.7
0.000609147	75.75
0.000612642	75.3
0.000616137	75
0.000619632	74.75
0.000623127	74.45
0.000626622	74.1
0.000630117	73.45
0.000633612	72.45
0.000637107	72
0.000640602	71.6
0.000644097	71.2
0.000647592	70.75
0.000651087	69.95
0.000654582	69.2
0.000658077	68.75
0.000661572	68.4
0.000665067	68
0.000668562	67.5
0.000672057	66.7
0.000675552	66
0.000679047	65.6
0.000682542	65.2
0.000686037	64.85
0.000689532	64.7
0.000693027	64.5
0.000696522	64.3
0.000700017	64.05
0.000703512	63.7
0.000707007	63.35
0.000710502	63.1
0.000713997	62.9
0.000717492	62.75
0.000720987	62.6
0.000724482	62.45
0.000727977	62.35
0.000731472	62.2
0.000734967	62.1
0.000738462	62
0.000741957	61.85
0.000745452	61.75
0.000748946	61.6
0.000752441	61.45
0.000755936	61.2
0.000759431	60.9
0.000762926	60.4
0.000766421	60.05
0.000769916	59.8
0.000773411	59.65
0.000776906	59.5
0.000780401	59.35
0.000783896	59.2
0.000787391	59.05
0.000790886	58.9
0.000794381	58.75
0.000797876	58.6
0.000801371	58.4
0.000804866	58.15
0.000808361	57.85
0.000811856	57.3
0.000815351	56.9
0.000818846	56.65
0.000822341	56.5
0.000825836	56.35
0.000829331	56.2
0.000832826	56.05
0.000836321	55.9
0.000839816	55.75
0.000843311	55.55
0.000846806	250.75
0.000850301	253.25
0.000853796	253.65
0.000857291	254
0.000860786	256.55
0.000864281	256.9
0.000867776	257.25
0.000871271	259.8
0.000874766	260.15
0.000878261	262.75
0.000881756	263.1
0.000885251	263.4
0.000888746	266.05
0.000892241	266.35
0.000895736	269.05
0.000899231	269.35
0.000902726	269.7
0.000906221	272.3
0.000909716	272.5
0.000913211	272.75
0.000916706	275.25
0.000920201	275.5
0.000923696	275.75
0.000927191	276.05
0.000930686	278.4
0.000934181	278.7
0.000937676	279.1
0.000941171	279.75
0.000944666	281.65
0.000948161	282.2
0.000951656	284.2
0.000955151	285.15
0.000958645	286.2
0.00096214	288.1
0.000965635	289.1
0.00096913	291.05
0.000972625	292.1
0.00097612	294.1
0.000979615	295.25
0.00098311	297.2
0.000986605	298.5
0.0009901	300
0.000993595	300
0.00099709	300
0.00100059	300
0.00100408	300
0.00100758	43.45
0.00101107	43.2
0.00101457	42.95
0.00101806	42.7
0.00102156	42.4
0.00102505	41.5
0.00102855	41.1
0.00103204	40.65
0.00103554	40.2
0.00103903	39.95
0.00104253	39.65
0.00104602	39.4
0.00104952	38.9
0.00105301	1.95
0.0010565	1.9
0.00106	1.9
