4e-05 2.5770591e-10
4.5551839e-05 2.588864e-10
5.1103679e-05 2.6006689e-10
5.6655518e-05 2.6124738e-10
6.2207358e-05 2.6242787e-10
6.7759197e-05 2.6360836e-10
7.3311037e-05 2.6478885e-10
7.8862876e-05 2.6596934e-10
8.4414716e-05 2.6714983e-10
8.9966555e-05 2.6833032e-10
9.5518395e-05 2.6951081e-10
0.00010107023 2.706913e-10
0.00010662207 2.718718e-10
0.00011217391 2.7305229e-10
0.00011772575 2.7423278e-10
0.00012327759 2.7541327e-10
0.00012882943 2.7659376e-10
0.00013438127 2.7777425e-10
0.00013993311 2.7895474e-10
0.00014548495 2.8013523e-10
0.00015103679 2.8131572e-10
0.00015658863 2.8249621e-10
0.00016214047 2.836767e-10
0.00016769231 2.8485719e-10
0.00017324415 2.8603768e-10
0.00017879599 2.8721817e-10
0.00018434783 2.8839867e-10
0.00018989967 2.8957916e-10
0.00019545151 2.9075965e-10
0.00020100334 2.9194014e-10
0.00020655518 2.9312063e-10
0.00021210702 2.9430112e-10
0.00021765886 2.9548161e-10
0.0002232107 2.966621e-10
0.00022876254 2.9784259e-10
0.00023431438 2.9902308e-10
0.00023986622 3.0020357e-10
0.00024541806 3.0138406e-10
0.0002509699 3.0256455e-10
0.00025652174 3.0374505e-10
0.00026207358 3.0492554e-10
0.00026762542 3.0610603e-10
0.00027317726 3.0728652e-10
0.0002787291 3.0846701e-10
0.00028428094 3.096475e-10
0.00028983278 3.1082799e-10
0.00029538462 3.1200848e-10
0.00030093645 3.1318897e-10
0.00030648829 3.1436946e-10
0.00031204013 3.1554995e-10
0.00031759197 3.1673044e-10
0.00032314381 3.1791093e-10
0.00032869565 3.1909143e-10
0.00033424749 3.2027192e-10
0.00033979933 3.2145241e-10
0.00034535117 3.226329e-10
0.00035090301 3.2381339e-10
0.00035645485 3.2499388e-10
0.00036200669 3.2617437e-10
0.00036755853 3.2735486e-10
0.00037311037 3.2853535e-10
0.00037866221 3.2971584e-10
0.00038421405 3.3089633e-10
0.00038976589 3.3207682e-10
0.00039531773 3.3325731e-10
0.00040086957 3.3443781e-10
0.0004064214 3.356183e-10
0.00041197324 3.3679879e-10
0.00041752508 3.3797928e-10
0.00042307692 3.3915977e-10
0.00042862876 3.4034026e-10
0.0004341806 3.4152075e-10
0.00043973244 3.4270124e-10
0.00044528428 3.4388173e-10
0.00045083612 3.4506222e-10
0.00045638796 3.4624271e-10
0.0004619398 3.474232e-10
0.00046749164 3.4860369e-10
0.00047304348 3.4978419e-10
0.00047859532 3.5096468e-10
0.00048414716 3.5214517e-10
0.000489699 3.5332566e-10
0.00049525084 3.5450615e-10
0.00050080268 3.5736515e-10
0.00050635452 3.6081517e-10
0.00051190635 3.6426518e-10
0.00051745819 3.677152e-10
0.00052301003 3.7116522e-10
0.00052856187 3.7461524e-10
0.00053411371 3.7806526e-10
0.00053966555 3.8151528e-10
0.00054521739 3.849065e-10
0.00055076923 3.8781278e-10
0.00055632107 3.9071905e-10
0.00056187291 3.9362533e-10
0.00056742475 3.965316e-10
0.00057297659 3.9943788e-10
0.00057852843 4.0234415e-10
0.00058408027 4.0525043e-10
0.00058963211 4.081567e-10
0.00059518395 4.1106297e-10
0.00060073579 4.1330291e-10
0.00060628763 4.1517441e-10
0.00061183946 4.1704591e-10
0.0006173913 4.1891741e-10
0.00062294314 4.2078891e-10
0.00062849498 4.2266041e-10
0.00063404682 4.2453191e-10
0.00063959866 4.264034e-10
0.0006451505 4.282749e-10
0.00065070234 4.301464e-10
0.00065625418 4.3199545e-10
0.00066180602 4.3378276e-10
0.00066735786 4.3557007e-10
0.0006729097 4.3735738e-10
0.00067846154 4.391447e-10
0.00068401338 4.4093201e-10
0.00068956522 4.4271932e-10
0.00069511706 4.4450663e-10
0.0007006689 4.4629394e-10
0.00070622074 4.4808125e-10
0.00071177258 4.4986856e-10
0.00071732441 4.5165587e-10
0.00072287625 4.5110194e-10
0.00072842809 4.5025331e-10
0.00073397993 4.4940468e-10
0.00073953177 4.4855605e-10
0.00074508361 4.4770742e-10
0.00075063545 4.4685879e-10
0.00075618729 4.4606601e-10
0.00076173913 4.4528774e-10
0.00076729097 4.4450946e-10
0.00077284281 4.4373119e-10
0.00077839465 4.4295292e-10
0.00078394649 4.4217465e-10
0.00078949833 4.4139638e-10
0.00079505017 4.4061811e-10
0.00080060201 4.3983984e-10
0.00080615385 4.3906157e-10
0.00081170569 4.382833e-10
0.00081725753 4.3750503e-10
0.00082280936 4.3672675e-10
0.0008283612 4.3554999e-10
0.00083391304 4.3422544e-10
0.00083946488 4.329009e-10
0.00084501672 4.3157635e-10
0.00085056856 4.3025181e-10
0.0008561204 4.2892726e-10
0.00086167224 4.2760271e-10
0.00086722408 4.2627817e-10
0.00087277592 4.2495362e-10
0.00087832776 4.2362907e-10
0.0008838796 4.2230453e-10
0.00088943144 4.2097998e-10
0.00089498328 4.1965544e-10
0.00090053512 4.1833089e-10
0.00090608696 4.1700634e-10
0.0009116388 4.156818e-10
0.00091719064 4.1435725e-10
0.00092274247 4.1303271e-10
0.00092829431 4.1170816e-10
0.00093384615 4.1038361e-10
0.00093939799 4.0905907e-10
0.00094494983 4.0773452e-10
0.00095050167 4.0689306e-10
0.00095605351 4.0622818e-10
0.00096160535 4.055633e-10
0.00096715719 4.0489842e-10
0.00097270903 4.0423353e-10
0.00097826087 4.0356865e-10
0.00098381271 4.0290377e-10
0.00098936455 4.0223889e-10
0.00099491639 4.0157401e-10
0.0010004682 4.0090913e-10
0.0010060201 4.0024425e-10
0.0010115719 3.9957937e-10
0.0010171237 3.9891448e-10
0.0010226756 3.982496e-10
0.0010282274 3.9758472e-10
0.0010337793 3.9691984e-10
0.0010393311 3.9625496e-10
0.0010448829 3.9559008e-10
0.0010504348 3.949252e-10
0.0010559866 3.9426032e-10
0.0010615385 3.9359544e-10
0.0010670903 3.9337012e-10
0.0010726421 3.9317711e-10
0.001078194 3.929841e-10
0.0010837458 3.9279109e-10
0.0010892977 3.9259808e-10
0.0010948495 3.9240507e-10
0.0011004013 3.9221206e-10
0.0011059532 3.9201906e-10
0.001111505 3.9182605e-10
0.0011170569 3.9163304e-10
0.0011226087 3.9144003e-10
0.0011281605 3.9124702e-10
0.0011337124 3.9105401e-10
0.0011392642 3.90861e-10
0.0011448161 3.9066799e-10
0.0011503679 3.9047498e-10
0.0011559197 3.9028197e-10
0.0011614716 3.9008896e-10
0.0011670234 3.8989595e-10
0.0011725753 3.8970295e-10
0.0011781271 3.8950994e-10
0.0011836789 3.8931693e-10
0.0011892308 3.8912392e-10
0.0011947826 3.8893091e-10
0.0012003344 3.887379e-10
0.0012058863 3.8854489e-10
0.0012114381 3.8835188e-10
0.00121699 3.8815887e-10
0.0012225418 3.8796586e-10
0.0012280936 3.8777285e-10
0.0012336455 3.8757984e-10
0.0012391973 3.8738684e-10
0.0012447492 3.8719383e-10
0.001250301 3.8700082e-10
0.0012558528 3.8680781e-10
0.0012614047 3.866148e-10
0.0012669565 3.8642179e-10
0.0012725084 3.8622878e-10
0.0012780602 3.8603577e-10
0.001283612 3.8584276e-10
0.0012891639 3.8564975e-10
0.0012947157 3.8545674e-10
0.0013002676 3.8526373e-10
0.0013058194 3.8507073e-10
0.0013113712 3.8487772e-10
0.0013169231 3.8468471e-10
0.0013224749 3.844917e-10
0.0013280268 3.8429869e-10
0.0013335786 3.8410568e-10
0.0013391304 3.8391267e-10
0.0013446823 3.8371966e-10
0.0013502341 3.8352665e-10
0.001355786 3.8333364e-10
0.0013613378 3.8314063e-10
0.0013668896 3.8294762e-10
0.0013724415 3.8275462e-10
0.0013779933 3.8256161e-10
0.0013835452 3.823686e-10
0.001389097 3.8217559e-10
0.0013946488 3.8198258e-10
0.0014002007 3.8178957e-10
0.0014057525 3.8159656e-10
0.0014113043 3.8140355e-10
0.0014168562 3.8121054e-10
0.001422408 3.8101753e-10
0.0014279599 3.8082452e-10
0.0014335117 3.8063151e-10
0.0014390635 3.8043851e-10
0.0014446154 3.802455e-10
0.0014501672 3.8005249e-10
0.0014557191 3.7985948e-10
0.0014612709 3.7966647e-10
0.0014668227 3.7947346e-10
0.0014723746 3.7928045e-10
0.0014779264 3.7908744e-10
0.0014834783 3.7889443e-10
0.0014890301 3.7870142e-10
0.0014945819 3.7850841e-10
0.0015001338 3.783154e-10
0.0015056856 3.781224e-10
0.0015112375 3.7792939e-10
0.0015167893 3.7773638e-10
0.0015223411 3.7754337e-10
0.001527893 3.7735036e-10
0.0015334448 3.7715735e-10
0.0015389967 3.7696434e-10
0.0015445485 3.7677133e-10
0.0015501003 3.7657832e-10
0.0015556522 3.7638531e-10
0.001561204 3.761923e-10
0.0015667559 3.7599929e-10
0.0015723077 3.7580629e-10
0.0015778595 3.7561328e-10
0.0015834114 3.7542027e-10
0.0015889632 3.7522726e-10
0.0015945151 3.7503425e-10
0.0016000669 3.7484124e-10
0.0016056187 3.7464823e-10
0.0016111706 3.7445522e-10
0.0016167224 3.7426221e-10
0.0016222742 3.740692e-10
0.0016278261 3.7387619e-10
0.0016333779 3.7368318e-10
0.0016389298 3.7349018e-10
0.0016444816 3.7329717e-10
0.0016500334 3.7310416e-10
0.0016555853 3.7291115e-10
0.0016611371 3.7271814e-10
0.001666689 3.7252513e-10
0.0016722408 3.7233212e-10
0.0016777926 3.7213911e-10
0.0016833445 3.719461e-10
0.0016888963 3.7175309e-10
0.0016944482 3.7156008e-10
0.0017 3.7136707e-10

