4e-05 2.4119271e-10
4.5551839e-05 2.4286717e-10
5.1103679e-05 2.4454162e-10
5.6655518e-05 2.4621608e-10
6.2207358e-05 2.4789053e-10
6.7759197e-05 2.4956499e-10
7.3311037e-05 2.5123944e-10
7.8862876e-05 2.529139e-10
8.4414716e-05 2.5458835e-10
8.9966555e-05 2.5626281e-10
9.5518395e-05 2.5793726e-10
0.00010107023 2.5961172e-10
0.00010662207 2.6128617e-10
0.00011217391 2.6296063e-10
0.00011772575 2.6463508e-10
0.00012327759 2.6630954e-10
0.00012882943 2.6798399e-10
0.00013438127 2.6965845e-10
0.00013993311 2.713329e-10
0.00014548495 2.7300736e-10
0.00015103679 2.7468181e-10
0.00015658863 2.7635627e-10
0.00016214047 2.7803072e-10
0.00016769231 2.7970518e-10
0.00017324415 2.8137963e-10
0.00017879599 2.8305409e-10
0.00018434783 2.8472854e-10
0.00018989967 2.86403e-10
0.00019545151 2.8807745e-10
0.00020100334 2.8975191e-10
0.00020655518 2.9142636e-10
0.00021210702 2.9310082e-10
0.00021765886 2.9477527e-10
0.0002232107 2.9644973e-10
0.00022876254 2.9812418e-10
0.00023431438 2.9979864e-10
0.00023986622 3.0147309e-10
0.00024541806 3.0314755e-10
0.0002509699 3.04822e-10
0.00025652174 3.0649646e-10
0.00026207358 3.0817091e-10
0.00026762542 3.0984537e-10
0.00027317726 3.1151982e-10
0.0002787291 3.1319428e-10
0.00028428094 3.1486873e-10
0.00028983278 3.1654319e-10
0.00029538462 3.1821765e-10
0.00030093645 3.198921e-10
0.00030648829 3.2156656e-10
0.00031204013 3.2324101e-10
0.00031759197 3.2491547e-10
0.00032314381 3.2658992e-10
0.00032869565 3.2826438e-10
0.00033424749 3.2993883e-10
0.00033979933 3.3161329e-10
0.00034535117 3.3328774e-10
0.00035090301 3.349622e-10
0.00035645485 3.3663665e-10
0.00036200669 3.3831111e-10
0.00036755853 3.3998556e-10
0.00037311037 3.4166002e-10
0.00037866221 3.559932e-10
0.00038421405 3.9506465e-10
0.00038976589 4.341361e-10
0.00039531773 4.6560808e-10
0.00040086957 4.5042054e-10
0.0004064214 4.35233e-10
0.00041197324 4.2004545e-10
0.00041752508 4.4121067e-10
0.00042307692 4.7198852e-10
0.00042862876 5.0276637e-10
0.0004341806 4.868091e-10
0.00043973244 3.5294195e-10
0.00044528428 2.896055e-10
0.00045083612 3.0617229e-10
0.00045638796 3.2918885e-10
0.0004619398 3.5630242e-10
0.00046749164 3.8341599e-10
0.00047304348 4.1052956e-10
0.00047859532 4.2552925e-10
0.00048414716 4.3683203e-10
0.000489699 4.481348e-10
0.00049525084 4.5943757e-10
0.00050080268 4.720684e-10
0.00050635452 4.8516685e-10
0.00051190635 4.9826529e-10
0.00051745819 5.1136374e-10
0.00052301003 5.2446219e-10
0.00052856187 5.3756064e-10
0.00053411371 5.5065908e-10
0.00053966555 5.6375753e-10
0.00054521739 5.7695355e-10
0.00055076923 5.9095433e-10
0.00055632107 6.0495511e-10
0.00056187291 6.1895589e-10
0.00056742475 6.3295667e-10
0.00057297659 6.4695745e-10
0.00057852843 6.6095823e-10
0.00058408027 6.7495901e-10
0.00058963211 6.8895979e-10
0.00059518395 7.0296057e-10
0.00060073579 7.132744e-10
0.00060628763 7.215496e-10
0.00061183946 7.2982479e-10
0.0006173913 7.3809998e-10
0.00062294314 7.4637518e-10
0.00062849498 7.5670881e-10
0.00063404682 7.6856544e-10
0.00063959866 7.8042208e-10
0.0006451505 7.9227872e-10
0.00065070234 8.0413535e-10
0.00065625418 8.1373866e-10
0.00066180602 8.1714507e-10
0.00066735786 8.2055148e-10
0.0006729097 8.239579e-10
0.00067846154 8.2736431e-10
0.00068401338 8.3077072e-10
0.00068956522 8.329363e-10
0.00069511706 8.3459114e-10
0.0007006689 8.3624598e-10
0.00070622074 8.3790082e-10
0.00071177258 8.3955566e-10
0.00071732441 8.412105e-10
0.00072287625 8.4139551e-10
0.00072842809 8.4139551e-10
0.00073397993 8.4139551e-10
0.00073953177 8.4139551e-10
0.00074508361 8.4139551e-10
0.00075063545 8.4139551e-10
0.00075618729 8.4139551e-10
0.00076173913 8.4139551e-10
0.00076729097 8.4139551e-10
0.00077284281 8.4139551e-10
0.00077839465 8.4139551e-10
0.00078394649 8.4139551e-10
0.00078949833 8.3849384e-10
0.00079505017 8.3145051e-10
0.00080060201 8.2440717e-10
0.00080615385 8.1736384e-10
0.00081170569 8.1032051e-10
0.00081725753 8.0327717e-10
0.00082280936 7.9623384e-10
0.0008283612 7.9432844e-10
0.00083391304 7.9432844e-10
0.00083946488 7.9432844e-10
0.00084501672 7.9432844e-10
0.00085056856 7.9432844e-10
0.0008561204 7.9432844e-10
0.00086167224 7.9432844e-10
0.00086722408 7.9432844e-10
0.00087277592 7.9432844e-10
0.00087832776 7.9432844e-10
0.0008838796 7.9432844e-10
0.00088943144 7.9432844e-10
0.00089498328 7.9432844e-10
0.00090053512 7.9432844e-10
0.00090608696 7.9153094e-10
0.0009116388 7.8462078e-10
0.00091719064 7.7771061e-10
0.00092274247 7.7080045e-10
0.00092829431 7.6389029e-10
0.00093384615 7.5698012e-10
0.00093939799 7.5006996e-10
0.00094494983 7.431598e-10
0.00095050167 7.4071597e-10
0.00095605351 7.3990472e-10
0.00096160535 7.3909347e-10
0.00096715719 7.3828222e-10
0.00097270903 7.3747097e-10
0.00097826087 7.3665972e-10
0.00098381271 7.3584847e-10
0.00098936455 7.3503721e-10
0.00099491639 7.3422596e-10
0.0010004682 7.3341471e-10
0.0010060201 7.3260346e-10
0.0010115719 7.3179221e-10
0.0010171237 7.3098096e-10
0.0010226756 7.301697e-10
0.0010282274 7.2935845e-10
0.0010337793 7.285472e-10
0.0010393311 7.2773595e-10
0.0010448829 7.269247e-10
0.0010504348 7.2611345e-10
0.0010559866 7.2530219e-10
0.0010615385 7.2449094e-10
0.0010670903 7.2367969e-10
0.0010726421 7.2286844e-10
0.001078194 7.2205719e-10
0.0010837458 7.2124594e-10
0.0010892977 7.2043468e-10
0.0010948495 7.1962343e-10
0.0011004013 7.1881218e-10
0.0011059532 7.1800093e-10
0.001111505 7.1718968e-10
0.0011170569 7.1637843e-10
0.0011226087 7.1556717e-10
0.0011281605 7.1475592e-10
0.0011337124 7.1394467e-10
0.0011392642 7.1313342e-10
0.0011448161 7.1232217e-10
0.0011503679 7.1151092e-10
0.0011559197 7.1069966e-10
0.0011614716 7.0988841e-10
0.0011670234 7.0907716e-10
0.0011725753 7.0826591e-10
0.0011781271 7.0745466e-10
0.0011836789 7.0664341e-10
0.0011892308 7.0583215e-10
0.0011947826 7.050209e-10
0.0012003344 7.0420965e-10
0.0012058863 7.033984e-10
0.0012114381 7.0258715e-10
0.00121699 7.017759e-10
0.0012225418 7.0096464e-10
0.0012280936 7.0015339e-10
0.0012336455 6.9934214e-10
0.0012391973 6.9853089e-10
0.0012447492 6.9771964e-10
0.001250301 6.9690839e-10
0.0012558528 6.9609713e-10
0.0012614047 6.9528588e-10
0.0012669565 6.9447463e-10
0.0012725084 6.9366338e-10
0.0012780602 6.9285213e-10
0.001283612 6.9204088e-10
0.0012891639 6.9122962e-10
0.0012947157 6.9041837e-10
0.0013002676 6.8960712e-10
0.0013058194 6.8879587e-10
0.0013113712 6.8798462e-10
0.0013169231 6.8717337e-10
0.0013224749 6.8636212e-10
0.0013280268 6.8555086e-10
0.0013335786 6.8473961e-10
0.0013391304 6.8392836e-10
0.0013446823 6.8311711e-10
0.0013502341 6.8230586e-10
0.001355786 6.8149461e-10
0.0013613378 6.8068335e-10
0.0013668896 6.798721e-10
0.0013724415 6.7906085e-10
0.0013779933 6.782496e-10
0.0013835452 6.7743835e-10
0.001389097 6.766271e-10
0.0013946488 6.7581584e-10
0.0014002007 6.7500459e-10
0.0014057525 6.7419334e-10
0.0014113043 6.7338209e-10
0.0014168562 6.7257084e-10
0.001422408 6.7175959e-10
0.0014279599 6.7094833e-10
0.0014335117 6.7013708e-10
0.0014390635 6.6932583e-10
0.0014446154 6.6851458e-10
0.0014501672 6.6770333e-10
0.0014557191 6.6689208e-10
0.0014612709 6.6608082e-10
0.0014668227 6.6526957e-10
0.0014723746 6.6445832e-10
0.0014779264 6.6364707e-10
0.0014834783 6.6283582e-10
0.0014890301 6.6202457e-10
0.0014945819 6.6121331e-10
0.0015001338 6.6040206e-10
0.0015056856 6.5959081e-10
0.0015112375 6.5877956e-10
0.0015167893 6.5796831e-10
0.0015223411 6.5715706e-10
0.001527893 6.563458e-10
0.0015334448 6.5553455e-10
0.0015389967 6.547233e-10
0.0015445485 6.5391205e-10
0.0015501003 6.531008e-10
0.0015556522 6.5228955e-10
0.001561204 6.5147829e-10
0.0015667559 6.5066704e-10
0.0015723077 6.4985579e-10
0.0015778595 6.4904454e-10
0.0015834114 6.4823329e-10
0.0015889632 6.4742204e-10
0.0015945151 6.4661078e-10
0.0016000669 6.4579953e-10
0.0016056187 6.4498828e-10
0.0016111706 6.4417703e-10
0.0016167224 6.4336578e-10
0.0016222742 6.4255453e-10
0.0016278261 6.4174327e-10
0.0016333779 6.4093202e-10
0.0016389298 6.4012077e-10
0.0016444816 6.3930952e-10
0.0016500334 6.3849827e-10
0.0016555853 6.3768702e-10
0.0016611371 6.3687577e-10
0.001666689 6.3606451e-10
0.0016722408 6.3525326e-10
0.0016777926 6.3444201e-10
0.0016833445 6.3363076e-10
0.0016888963 6.3281951e-10
0.0016944482 6.3200826e-10
0.0017 6.31197e-10

